5 0.6515625 0.1986111111111111 0.0234375 0.08194444444444446
3 0.61171875 0.2263888888888889 0.022656250000000044 0.06666666666666668
3 0.6078125 0.2722222222222222 0.022656250000000044 0.06805555555555559
3 0.61328125 0.33611111111111114 0.022656250000000044 0.06527777777777777
2 0.56796875 0.3138888888888889 0.025000000000000022 0.08333333333333331
0 0.65859375 0.3055555555555556 0.025781249999999978 0.09305555555555556
4 0.6671875 0.3402777777777778 0.026562499999999933 0.1111111111111111
1 0.66484375 0.3888888888888889 0.03125 0.12083333333333329
0 0.6765625 0.4722222222222222 0.02578125000000009 0.09166666666666667
2 0.6765625 0.5222222222222223 0.02578125000000009 0.09027777777777779
3 0.62578125 0.4986111111111111 0.0234375 0.06805555555555554
3 0.63125 0.5541666666666667 0.024218750000000067 0.06666666666666665
3 0.6359375 0.6138888888888889 0.0234375 0.06944444444444442
5 0.6796875 0.6041666666666666 0.0234375 0.08194444444444449
3 0.47734375 0.39166666666666666 0.023437499999999944 0.06944444444444448
9 0.53046875 0.4513888888888889 0.024218749999999956 0.06666666666666671
9 0.47421875 0.33611111111111114 0.025781249999999978 0.06666666666666665
9 0.4453125 0.5652777777777778 0.025000000000000022 0.06944444444444442
9 0.3875 0.45555555555555555 0.025781249999999978 0.06805555555555559
9 0.38828125 0.5055555555555555 0.02656249999999999 0.06805555555555554
9 0.39609375 0.6305555555555555 0.025781249999999978 0.06944444444444442
8 0.440625 0.49583333333333335 0.025000000000000022 0.08472222222222225
11 0.34296875 0.6194444444444445 0.025000000000000022 0.08194444444444438
6 0.33671875 0.49444444444444446 0.02656249999999999 0.09027777777777779
7 0.33359375 0.4152777777777778 0.03046874999999999 0.11249999999999999
10 0.3328125 0.35555555555555557 0.03125 0.11249999999999999
6 0.3328125 0.3236111111111111 0.02734375 0.09027777777777773
8 0.3296875 0.275 0.025781249999999978 0.08749999999999997
11 0.32734375 0.23333333333333334 0.0234375 0.07777777777777778
9 0.3796875 0.23055555555555557 0.025781249999999978 0.06805555555555554
9 0.3828125 0.2916666666666667 0.025781249999999978 0.06805555555555554