5 0.7296875 0.10833333333333334 0.03359374999999998 0.11527777777777778
3 0.671875 0.14583333333333334 0.03281250000000002 0.09583333333333333
3 0.66796875 0.2125 0.03125 0.09583333333333335
3 0.67578125 0.2972222222222222 0.03515625 0.0986111111111111
2 0.61015625 0.26666666666666666 0.03593750000000007 0.12083333333333335
2 0.68828125 0.42083333333333334 0.03671875000000002 0.11944444444444441
4 0.7453125 0.3055555555555556 0.04296875 0.16666666666666663
0 0.68203125 0.3333333333333333 0.038281250000000044 0.13333333333333336
1 0.76171875 0.5569444444444445 0.043749999999999956 0.17083333333333328
5 0.7625 0.5236111111111111 0.0390625 0.11249999999999993
3 0.70234375 0.6944444444444444 0.03281249999999991 0.10138888888888886
3 0.6953125 0.6083333333333333 0.035937499999999956 0.09583333333333344
3 0.6890625 0.5319444444444444 0.03281250000000002 0.09722222222222221
3 0.478125 0.375 0.03515625 0.0986111111111111
8 0.56328125 0.5958333333333333 0.038281250000000044 0.11805555555555558
9 0.43203125 0.6208333333333333 0.03281250000000002 0.0986111111111111
9 0.48515625 0.5347222222222222 0.03203125000000001 0.09583333333333333
9 0.553125 0.4597222222222222 0.034375000000000044 0.09861111111111115
9 0.47578125 0.29583333333333334 0.03593750000000001 0.09722222222222221
9 0.40703125 0.14027777777777778 0.03281249999999997 0.09722222222222221
9 0.3484375 0.23472222222222222 0.03437499999999999 0.09305555555555556
9 0.3515625 0.4652777777777778 0.03437499999999999 0.09999999999999998
11 0.2671875 0.14583333333333334 0.03437499999999999 0.1138888888888889
10 0.271875 0.3194444444444444 0.046875 0.16666666666666669
7 0.2734375 0.4013888888888889 0.04375000000000001 0.16666666666666663
8 0.3484375 0.35138888888888886 0.03749999999999998 0.12638888888888894
6 0.35859375 0.5958333333333333 0.03750000000000003 0.12916666666666665
9 0.3609375 0.7125 0.03515625 0.0986111111111111
11 0.2828125 0.6944444444444444 0.03671874999999997 0.11805555555555558
6 0.6203125 0.8444444444444444 0.039843749999999956 0.1347222222222222
0 0.471875 0.8194444444444444 0.03750000000000003 0.13750000000000007
3 0.4390625 0.8611111111111112 0.03281249999999997 0.0986111111111111