5 0.6734375 0.14722222222222223 0.028906250000000022 0.09583333333333333
3 0.61484375 0.17083333333333334 0.028906250000000022 0.07777777777777778
3 0.62109375 0.25 0.02734375 0.0763888888888889
3 0.5171875 0.33055555555555555 0.028124999999999956 0.07777777777777778
3 0.5140625 0.4083333333333333 0.028125000000000067 0.07777777777777778
2 0.5703125 0.3055555555555556 0.03125 0.0986111111111111
4 0.5609375 0.20833333333333334 0.03671875000000002 0.13194444444444445
1 0.6984375 0.41805555555555557 0.03671874999999991 0.13472222222222224
0 0.7 0.5277777777777778 0.03125 0.0986111111111111
2 0.5875 0.5402777777777777 0.032031249999999956 0.09444444444444444
3 0.5828125 0.4791666666666667 0.028906250000000022 0.07777777777777778
3 0.64765625 0.5555555555555556 0.028124999999999956 0.07777777777777772
3 0.6515625 0.6319444444444444 0.028124999999999956 0.07916666666666672
3 0.66328125 0.7125 0.028124999999999956 0.08055555555555549
5 0.72109375 0.6944444444444444 0.029687499999999978 0.09444444444444444
0 0.53984375 0.7013888888888888 0.03203125000000007 0.10555555555555562
7 0.296875 0.6013888888888889 0.03828124999999999 0.13750000000000007
11 0.30234375 0.5652777777777778 0.032031249999999956 0.09305555555555556
8 0.40625 0.5388888888888889 0.03125 0.10138888888888886
9 0.35859375 0.5763888888888888 0.02734375 0.07916666666666672
9 0.36328125 0.6569444444444444 0.028906250000000022 0.0805555555555556
9 0.41953125 0.7291666666666666 0.028906249999999967 0.0805555555555556
9 0.4140625 0.49583333333333335 0.03046874999999999 0.07916666666666661
9 0.46953125 0.4083333333333333 0.028906249999999967 0.08194444444444443
9 0.4109375 0.3347222222222222 0.02812500000000001 0.07777777777777778
9 0.33828125 0.26805555555555555 0.02812500000000001 0.08055555555555555
9 0.33203125 0.1875 0.02734375 0.07916666666666666
11 0.26953125 0.18194444444444444 0.029687499999999978 0.09583333333333335
6 0.28046875 0.3194444444444444 0.03125 0.10138888888888892
8 0.34609375 0.3958333333333333 0.03359375000000003 0.10555555555555557
10 0.278125 0.3763888888888889 0.03671874999999997 0.14027777777777783