8 0.61953125 0.14583333333333334 0.022656250000000044 0.06944444444444445
11 0.6171875 0.12222222222222222 0.021093750000000022 0.06666666666666667
10 0.6078125 0.25416666666666665 0.02734375 0.09166666666666667
3 0.5765625 0.21666666666666667 0.020312500000000067 0.056944444444444464
4 0.53515625 0.1763888888888889 0.028124999999999956 0.09305555555555553
5 0.384375 0.09027777777777778 0.021874999999999978 0.06666666666666667
3 0.4234375 0.1 0.020312499999999956 0.05833333333333332
8 0.459375 0.07222222222222222 0.0234375 0.07222222222222222
9 0.49375 0.059722222222222225 0.020312499999999956 0.05555555555555556
9 0.4046875 0.2388888888888889 0.021875000000000033 0.059722222222222204
0 0.31796875 0.13333333333333333 0.024218749999999956 0.07916666666666666
2 0.303125 0.1638888888888889 0.021875000000000033 0.0736111111111111
5 0.28515625 0.19166666666666668 0.021874999999999978 0.06805555555555556
9 0.47265625 0.41805555555555557 0.02031250000000001 0.05833333333333329
9 0.46484375 0.475 0.02265624999999999 0.05833333333333335
9 0.37265625 0.5222222222222223 0.02265624999999999 0.05972222222222223
9 0.36328125 0.5819444444444445 0.021874999999999978 0.05694444444444435
11 0.3328125 0.4361111111111111 0.02265624999999999 0.06944444444444442
7 0.325 0.4708333333333333 0.02812500000000001 0.09999999999999998
3 0.515625 0.4361111111111111 0.0234375 0.05833333333333335
3 0.56640625 0.3875 0.01953125 0.05972222222222223
1 0.54765625 0.4041666666666667 0.02734375 0.09722222222222221
0 0.5953125 0.4388888888888889 0.025781249999999978 0.07777777777777783
3 0.54375 0.5611111111111111 0.020312500000000067 0.056944444444444464
3 0.5765625 0.6263888888888889 0.020312500000000067 0.05833333333333335
6 0.56171875 0.7083333333333334 0.025781249999999978 0.07916666666666661
6 0.46015625 0.6819444444444445 0.025000000000000022 0.07361111111111107
9 0.5171875 0.725 0.021093750000000022 0.056944444444444464
9 0.4859375 0.7125 0.021093750000000022 0.05972222222222223
3 0.3640625 0.6819444444444445 0.021093749999999967 0.05833333333333335
3 0.3296875 0.6736111111111112 0.021874999999999978 0.05694444444444435
2 0.40234375 0.6833333333333333 0.0234375 0.0708333333333333