5 0.746875 0.20277777777777778 0.028906250000000022 0.0888888888888889
2 0.74375 0.25833333333333336 0.03359374999999998 0.10555555555555551
0 0.73671875 0.3194444444444444 0.03125 0.10694444444444445
4 0.728125 0.35833333333333334 0.03671875000000002 0.1375
1 0.721875 0.4236111111111111 0.03671874999999991 0.14027777777777778
0 0.72265625 0.5208333333333334 0.032031249999999956 0.10972222222222217
2 0.71953125 0.5930555555555556 0.03281250000000002 0.10972222222222217
5 0.72109375 0.6736111111111112 0.028125000000000067 0.09444444444444444
3 0.65625 0.675 0.029687499999999978 0.07916666666666661
3 0.6609375 0.6041666666666666 0.030468750000000044 0.08333333333333337
3 0.665625 0.5333333333333333 0.028124999999999956 0.0805555555555556
3 0.671875 0.46805555555555556 0.029687499999999978 0.08194444444444449
3 0.6765625 0.40694444444444444 0.028125000000000067 0.07777777777777778
3 0.68125 0.3388888888888889 0.030468749999999933 0.08333333333333331
3 0.68515625 0.26944444444444443 0.028124999999999956 0.08333333333333337
3 0.68828125 0.20833333333333334 0.02968750000000009 0.08055555555555552
11 0.34921875 0.12777777777777777 0.03046874999999999 0.09861111111111112
8 0.3390625 0.18055555555555555 0.03593750000000001 0.11666666666666667
6 0.33046875 0.24583333333333332 0.03203125000000001 0.10972222222222225
10 0.3265625 0.2861111111111111 0.03593750000000001 0.14166666666666666
7 0.3171875 0.34305555555555556 0.03671874999999997 0.1472222222222222
6 0.315625 0.44305555555555554 0.03515625 0.11527777777777781
8 0.30390625 0.5111111111111111 0.03437499999999999 0.11527777777777781
11 0.29921875 0.5916666666666667 0.030468750000000044 0.10277777777777775
9 0.35625 0.6208333333333333 0.03125 0.08472222222222225
9 0.36796875 0.5527777777777778 0.028906249999999967 0.08333333333333326
9 0.37578125 0.4930555555555556 0.03046874999999999 0.08194444444444438
9 0.3765625 0.4152777777777778 0.03046874999999999 0.08611111111111108
9 0.38359375 0.35138888888888886 0.02812500000000001 0.08194444444444449
9 0.39140625 0.2833333333333333 0.029687499999999978 0.08472222222222225
9 0.40390625 0.2263888888888889 0.029687499999999978 0.08055555555555557
9 0.41015625 0.15555555555555556 0.02812500000000001 0.08472222222222223