0 0.50390625 0.2375 0.020312499999999956 0.06944444444444448
6 0.66484375 0.2625 0.020312500000000067 0.06666666666666665
5 0.69296875 0.3527777777777778 0.018749999999999933 0.05972222222222218
3 0.6546875 0.36666666666666664 0.018750000000000044 0.050000000000000044
3 0.62109375 0.41805555555555557 0.017968749999999978 0.04999999999999999
3 0.584375 0.4666666666666667 0.017187500000000022 0.05138888888888893
3 0.58984375 0.5152777777777777 0.017968749999999978 0.04861111111111116
3 0.6703125 0.5625 0.018750000000000044 0.05138888888888893
3 0.6734375 0.6138888888888889 0.017968749999999978 0.04861111111111105
3 0.64140625 0.6708333333333333 0.018750000000000044 0.05138888888888893
3 0.68203125 0.7180555555555556 0.017968749999999978 0.050000000000000044
1 0.70859375 0.6291666666666667 0.025000000000000022 0.08611111111111114
5 0.7125 0.5986111111111111 0.021874999999999978 0.05555555555555558
2 0.6359375 0.6041666666666666 0.02109374999999991 0.0625
4 0.70234375 0.4777777777777778 0.02499999999999991 0.08611111111111108
2 0.6265625 0.46111111111111114 0.021093750000000022 0.06388888888888888
8 0.59609375 0.5555555555555556 0.020312500000000067 0.06388888888888888
9 0.56484375 0.6194444444444445 0.018750000000000044 0.04999999999999993
9 0.55703125 0.5152777777777777 0.01953125 0.05277777777777781
9 0.52109375 0.5708333333333333 0.020312499999999956 0.05277777777777781
9 0.51640625 0.46805555555555556 0.020312500000000067 0.05277777777777781
9 0.478125 0.425 0.01874999999999999 0.05138888888888887
9 0.47421875 0.37222222222222223 0.017968749999999978 0.05138888888888887
11 0.434375 0.3736111111111111 0.01953125 0.05972222222222223
6 0.4390625 0.46111111111111114 0.021093749999999967 0.06805555555555554
8 0.47734375 0.5055555555555555 0.023437499999999944 0.0708333333333333
10 0.4796875 0.5430555555555555 0.02421875000000001 0.08333333333333337
11 0.4453125 0.6166666666666667 0.021093750000000022 0.061111111111111116
9 0.48984375 0.6805555555555556 0.017187500000000022 0.0527777777777777
9 0.490625 0.7319444444444444 0.01953125 0.05277777777777781
7 0.44921875 0.65 0.025000000000000022 0.0888888888888889