5 0.7015625 0.1486111111111111 0.03203125000000007 0.10833333333333331
0 0.71171875 0.29305555555555557 0.03515625 0.12777777777777777
2 0.58671875 0.3055555555555556 0.03593750000000007 0.11249999999999999
3 0.65 0.3333333333333333 0.032031249999999956 0.09166666666666667
3 0.6421875 0.25 0.03125 0.09166666666666667
3 0.64453125 0.18472222222222223 0.03281250000000002 0.09305555555555556
4 0.72421875 0.3375 0.03359374999999998 0.15694444444444444
1 0.72109375 0.40694444444444444 0.04062500000000002 0.16666666666666663
3 0.6671875 0.5583333333333333 0.03125 0.09444444444444444
3 0.675 0.6319444444444444 0.032031249999999956 0.09166666666666667
3 0.68125 0.7166666666666667 0.03125 0.09444444444444444
5 0.73984375 0.7041666666666667 0.03281250000000002 0.10972222222222217
2 0.73671875 0.6041666666666666 0.03515625 0.10972222222222228
0 0.45703125 0.22916666666666666 0.03593750000000001 0.12500000000000003
3 0.4625 0.4097222222222222 0.03281249999999997 0.09722222222222221
9 0.459375 0.33611111111111114 0.034375000000000044 0.09166666666666662
9 0.53671875 0.49166666666666664 0.03125 0.0944444444444445
9 0.4203125 0.6513888888888889 0.03125 0.09166666666666667
9 0.34453125 0.5680555555555555 0.03203125000000001 0.09166666666666667
9 0.34375 0.5 0.03125 0.09444444444444444
9 0.3546875 0.7416666666666667 0.03203125000000001 0.09166666666666667
8 0.41171875 0.5569444444444445 0.035937499999999956 0.11388888888888882
11 0.278125 0.7236111111111111 0.03437499999999999 0.11250000000000004
6 0.2703125 0.5555555555555556 0.03671874999999997 0.12361111111111112
7 0.26640625 0.44305555555555554 0.04140624999999998 0.15833333333333333
11 0.26484375 0.3625 0.04296875 0.1555555555555556
6 0.265625 0.32083333333333336 0.03671875000000002 0.12222222222222218
8 0.26171875 0.25416666666666665 0.03437499999999999 0.11805555555555558
11 0.25703125 0.19583333333333333 0.03281250000000002 0.10694444444444443
9 0.3375 0.2777777777777778 0.03046874999999999 0.09027777777777779
9 0.33203125 0.19166666666666668 0.03203125000000001 0.09027777777777776
3 0.428125 0.8555555555555555 0.03203125000000001 0.09305555555555556