9 0.62421875 0.2111111111111111 0.6421875 0.26805555555555555
8 0.6515625 0.1875 0.671875 0.25972222222222224
8 0.63203125 0.18055555555555555 0.65234375 0.25416666666666665
6 0.603125 0.19305555555555556 0.62421875 0.2722222222222222
0 0.4625 0.19305555555555556 0.48125 0.2708333333333333
0 0.44765625 0.20972222222222223 0.46484375 0.2847222222222222
2 0.44453125 0.22916666666666666 0.46484375 0.30833333333333335
2 0.41171875 0.23472222222222222 0.43359375 0.30833333333333335
3 0.42890625 0.2388888888888889 0.44765625 0.3
9 0.453125 0.2986111111111111 0.47265625 0.35694444444444445
9 0.459375 0.3486111111111111 0.4796875 0.40555555555555556
9 0.46953125 0.3888888888888889 0.48984375 0.44583333333333336
9 0.5546875 0.4111111111111111 0.575 0.4708333333333333
9 0.496875 0.5152777777777777 0.51796875 0.575
9 0.503125 0.5597222222222222 0.5234375 0.6194444444444445
9 0.515625 0.6083333333333333 0.5359375 0.6666666666666666
10 0.53046875 0.47638888888888886 0.55703125 0.5736111111111111
11 0.48359375 0.4638888888888889 0.5046875 0.5319444444444444
7 0.46015625 0.5388888888888889 0.48671875 0.6458333333333334
3 0.6421875 0.25833333333333336 0.66171875 0.32083333333333336
3 0.65078125 0.30694444444444446 0.66953125 0.3625
3 0.6625 0.3416666666666667 0.68359375 0.4027777777777778
3 0.6359375 0.39444444444444443 0.6546875 0.4513888888888889
3 0.59296875 0.39305555555555555 0.6125 0.4486111111111111
3 0.66328125 0.5722222222222222 0.684375 0.6305555555555555
3 0.61875 0.5291666666666667 0.63828125 0.5875
1 0.69921875 0.48055555555555557 0.72578125 0.5805555555555556
4 0.684375 0.43333333333333335 0.71171875 0.5277777777777778
5 0.71875 0.40555555555555556 0.7390625 0.4736111111111111
5 0.503125 0.6763888888888889 0.52421875 0.7486111111111111