5 0.60390625 0.33611111111111114 0.021874999999999978 0.06666666666666665
2 0.59609375 0.37222222222222223 0.024218750000000067 0.07222222222222219
0 0.59609375 0.4166666666666667 0.022656250000000044 0.0763888888888889
4 0.58515625 0.4388888888888889 0.021874999999999978 0.09583333333333333
1 0.57421875 0.4861111111111111 0.026562500000000044 0.10000000000000003
0 0.575 0.5597222222222222 0.022656250000000044 0.07777777777777772
2 0.571875 0.6027777777777777 0.024218749999999956 0.07777777777777783
5 0.56328125 0.6486111111111111 0.02187500000000009 0.06944444444444442
3 0.53125 0.6555555555555556 0.020312499999999956 0.05833333333333335
3 0.53046875 0.6111111111111112 0.021874999999999978 0.05833333333333324
3 0.53984375 0.5625 0.020312500000000067 0.05833333333333335
3 0.53671875 0.5166666666666667 0.021093750000000022 0.05694444444444435
3 0.54765625 0.4708333333333333 0.020312500000000067 0.05833333333333335
3 0.55234375 0.425 0.021874999999999978 0.05833333333333335
3 0.5578125 0.37777777777777777 0.01953125 0.05972222222222223
3 0.56328125 0.3402777777777778 0.021093750000000022 0.05972222222222223
11 0.3296875 0.29305555555555557 0.02265624999999999 0.06666666666666665
8 0.32421875 0.325 0.02421875000000001 0.08194444444444443
6 0.31484375 0.37777777777777777 0.025781250000000033 0.07916666666666666
10 0.309375 0.4013888888888889 0.028906249999999967 0.09722222222222221
7 0.29921875 0.44305555555555554 0.029687500000000033 0.0986111111111111
6 0.3015625 0.5083333333333333 0.02656249999999999 0.07777777777777783
8 0.290625 0.55 0.024999999999999967 0.08611111111111103
11 0.284375 0.6041666666666666 0.0234375 0.06944444444444453
9 0.33125 0.6277777777777778 0.021875000000000033 0.05972222222222223
9 0.3375 0.5847222222222223 0.024999999999999967 0.05972222222222223
9 0.3375 0.5333333333333333 0.021093749999999967 0.054166666666666696
9 0.3453125 0.49444444444444446 0.021874999999999978 0.05833333333333335
9 0.34765625 0.44722222222222224 0.021093750000000022 0.055555555555555525
9 0.35625 0.39861111111111114 0.021093749999999967 0.05833333333333329
9 0.35703125 0.35 0.021874999999999978 0.056944444444444464
9 0.36796875 0.30833333333333335 0.021093749999999967 0.05694444444444441