5 0.9046875 0.4597222222222222 0.94453125 0.6013888888888889
3 0.790625 0.37083333333333335 0.83203125 0.4986111111111111
10 0.77265625 0.3763888888888889 0.8296875 0.5986111111111111
4 0.70625 0.5027777777777778 0.76171875 0.7305555555555555
2 0.64765625 0.5111111111111111 0.69375 0.6875
2 0.4609375 0.5222222222222223 0.5125 0.6861111111111111
1 0.5703125 0.48055555555555557 0.628125 0.7194444444444444
0 0.45546875 0.6097222222222223 0.50234375 0.7888888888888889
3 0.6046875 0.5013888888888889 0.646875 0.6319444444444444
3 0.4875 0.4875 0.53125 0.6152777777777778
3 0.39921875 0.6180555555555556 0.4421875 0.75
3 0.38046875 0.7097222222222223 0.421875 0.8416666666666667
5 0.440625 0.7375 0.48671875 0.8930555555555556
6 0.34765625 0.5097222222222222 0.396875 0.6944444444444444
9 0.44140625 0.4263888888888889 0.48359375 0.5555555555555556
9 0.278125 0.36666666666666664 0.31953125 0.4930555555555556
9 0.2015625 0.4097222222222222 0.24375 0.5388888888888889
9 0.13203125 0.44305555555555554 0.17421875 0.5736111111111111
9 0.20078125 0.7305555555555555 0.24375 0.8652777777777778
9 0.16875 0.6861111111111111 0.21328125 0.8194444444444444
6 0.15234375 0.5986111111111111 0.2015625 0.7833333333333333
3 0.0375 0.5347222222222222 0.07734375 0.6611111111111111
3 0.00234375 0.4888888888888889 0.0421875 0.6194444444444445
11 0.22421875 0.2916666666666667 0.26640625 0.4375
7 0.14921875 0.24722222222222223 0.20390625 0.48333333333333334
0 0.3375 0.09027777777777778 0.38359375 0.25972222222222224
8 0.51328125 0.2638888888888889 0.55859375 0.4305555555555556
9 0.5203125 0.22083333333333333 0.5625 0.3416666666666667
9 0.59609375 0.1875 0.63671875 0.3111111111111111
8 0.646875 0.18888888888888888 0.69296875 0.35833333333333334
11 0.5453125 0.12361111111111112 0.58671875 0.2638888888888889
3 0.68515625 0.13333333333333333 0.725 0.25972222222222224