9 0.634375 0.2013888888888889 0.022656249999999933 0.06666666666666665
9 0.60078125 0.2 0.022656249999999933 0.06527777777777777
9 0.58359375 0.21666666666666667 0.022656249999999933 0.06388888888888888
6 0.58984375 0.15416666666666667 0.026562500000000044 0.08888888888888888
0 0.64453125 0.3597222222222222 0.024218749999999956 0.08611111111111114
2 0.559375 0.43194444444444446 0.025000000000000022 0.08333333333333326
4 0.55078125 0.35555555555555557 0.032031249999999956 0.10694444444444445
5 0.5171875 0.5097222222222222 0.024218749999999956 0.07777777777777783
3 0.59609375 0.3277777777777778 0.021093750000000022 0.0625
3 0.60078125 0.3902777777777778 0.022656249999999933 0.0625
3 0.5703125 0.575 0.021874999999999978 0.06527777777777777
3 0.621875 0.6375 0.022656250000000044 0.06527777777777777
3 0.575 0.6986111111111111 0.022656250000000044 0.06666666666666665
3 0.625 0.7 0.025000000000000022 0.06527777777777777
1 0.67265625 0.6555555555555556 0.03125 0.11388888888888893
5 0.66953125 0.6208333333333333 0.02734375 0.07638888888888884
3 0.43984375 0.8777777777777778 0.02421875000000001 0.06527777777777777
7 0.3359375 0.6777777777777778 0.03281250000000002 0.10833333333333328
11 0.3390625 0.6458333333333334 0.02812500000000001 0.07499999999999996
8 0.42578125 0.6236111111111111 0.02734375 0.08333333333333337
9 0.38671875 0.6527777777777778 0.0234375 0.06666666666666665
9 0.48515625 0.7027777777777777 0.02421875000000001 0.06805555555555565
9 0.4375 0.7763888888888889 0.0234375 0.06666666666666665
10 0.3671875 0.43194444444444446 0.029687499999999978 0.10972222222222217
6 0.32265625 0.44583333333333336 0.02734375 0.0847222222222222
11 0.315625 0.3347222222222222 0.02421875000000001 0.07777777777777778
9 0.365625 0.3375 0.0234375 0.06666666666666665
8 0.42421875 0.39305555555555555 0.026562500000000044 0.08750000000000002
9 0.3703125 0.40555555555555556 0.025000000000000022 0.061111111111111116