9 0.67109375 0.33055555555555555 0.020312499999999956 0.06388888888888888
9 0.528125 0.35694444444444445 0.018750000000000044 0.06666666666666665
9 0.54140625 0.5125 0.01953125 0.06527777777777777
9 0.48125 0.3972222222222222 0.02265624999999999 0.0625
9 0.496875 0.5444444444444444 0.021093749999999967 0.06388888888888888
3 0.5640625 0.36666666666666664 0.021874999999999978 0.06388888888888894
3 0.55 0.4708333333333333 0.022656249999999933 0.06666666666666665
3 0.59140625 0.4444444444444444 0.021874999999999978 0.06527777777777777
3 0.63203125 0.4527777777777778 0.022656249999999933 0.06666666666666671
3 0.5375 0.5486111111111112 0.021093750000000022 0.06527777777777777
3 0.56796875 0.5930555555555556 0.021874999999999978 0.06805555555555554
1 0.61171875 0.5180555555555556 0.028125000000000067 0.1152777777777777
4 0.57421875 0.4875 0.028124999999999956 0.10138888888888892
11 0.52421875 0.6277777777777778 0.021093750000000022 0.0708333333333333
8 0.6140625 0.6847222222222222 0.02578125000000009 0.09305555555555556
8 0.57421875 0.6861111111111111 0.024218749999999956 0.08750000000000002
6 0.59453125 0.6986111111111111 0.024218750000000067 0.08611111111111114
6 0.53984375 0.6861111111111111 0.0234375 0.08333333333333337
9 0.4984375 0.6916666666666667 0.021874999999999978 0.06666666666666665
9 0.4875 0.625 0.021875000000000033 0.06527777777777777
9 0.40703125 0.5638888888888889 0.02031250000000001 0.06944444444444442
9 0.43359375 0.425 0.021093750000000022 0.06388888888888888
11 0.36328125 0.5583333333333333 0.021874999999999978 0.07222222222222219
10 0.44375 0.5444444444444444 0.025781250000000033 0.10138888888888897
7 0.415625 0.4875 0.03046874999999999 0.11666666666666664
5 0.51875 0.39444444444444443 0.02109374999999991 0.06805555555555559