10 0.7734375 0.37777777777777777 0.0546875 0.21944444444444444
3 0.7890625 0.375 0.04296875 0.125
4 0.7046875 0.5041666666666667 0.05625000000000002 0.22777777777777775
2 0.64765625 0.5125 0.04531249999999998 0.1777777777777778
3 0.60625 0.5 0.03984375000000007 0.13194444444444442
1 0.57109375 0.4791666666666667 0.05625000000000002 0.24305555555555552
0 0.5625 0.6277777777777778 0.051562499999999956 0.18194444444444446
3 0.45078125 0.6666666666666666 0.04531249999999998 0.13333333333333341
3 0.37890625 0.7097222222222223 0.04296875 0.13055555555555554
3 0.4375 0.7388888888888889 0.04921874999999998 0.15416666666666667
2 0.4625 0.525 0.04999999999999993 0.16388888888888886
3 0.48828125 0.4875 0.04296875 0.1305555555555556
9 0.440625 0.42777777777777776 0.04296875 0.12777777777777782
8 0.5125 0.2652777777777778 0.04531250000000009 0.16666666666666669
8 0.64765625 0.19027777777777777 0.04453124999999991 0.16805555555555557
9 0.59453125 0.18611111111111112 0.04140625000000009 0.12638888888888888
9 0.51640625 0.22083333333333333 0.04531250000000009 0.12083333333333335
11 0.54296875 0.12361111111111112 0.04296875 0.14166666666666666
3 0.684375 0.1375 0.04062500000000002 0.12083333333333335
6 0.41328125 0.16527777777777777 0.04609374999999999 0.17083333333333336
0 0.3375 0.09305555555555556 0.04531249999999998 0.16666666666666669
7 0.28359375 0.1763888888888889 0.05546875000000001 0.2333333333333333
9 0.27734375 0.36527777777777776 0.04218749999999999 0.1291666666666667
9 0.2015625 0.4097222222222222 0.04296875 0.12916666666666665
9 0.13203125 0.4444444444444444 0.04218750000000002 0.13055555555555554
11 0.08984375 0.3736111111111111 0.04218749999999999 0.14583333333333337
3 0.0359375 0.5347222222222222 0.041406250000000006 0.12916666666666665
3 0.00078125 0.49166666666666664 0.041406250000000006 0.12777777777777782
9 0.2 0.7319444444444444 0.044531249999999994 0.1347222222222223
9 0.16953125 0.6875 0.04375000000000001 0.1347222222222222
6 0.1515625 0.6 0.04765625000000001 0.18194444444444446