8 0.70078125 0.2222222222222222 0.721875 0.2875
9 0.68203125 0.23055555555555557 0.7015625 0.2847222222222222
8 0.6765625 0.24305555555555555 0.6984375 0.3055555555555556
6 0.66015625 0.2222222222222222 0.6828125 0.29305555555555557
11 0.6578125 0.2 0.6796875 0.2611111111111111
9 0.63671875 0.25 0.65625 0.30416666666666664
10 0.61640625 0.16805555555555557 0.63984375 0.25416666666666665
9 0.5890625 0.2013888888888889 0.60859375 0.25416666666666665
2 0.528125 0.2013888888888889 0.5484375 0.2625
2 0.51328125 0.2375 0.53515625 0.30416666666666664
0 0.50234375 0.1986111111111111 0.5234375 0.2722222222222222
3 0.49296875 0.24305555555555555 0.5125 0.29583333333333334
3 0.490625 0.2777777777777778 0.51015625 0.3277777777777778
3 0.46953125 0.28194444444444444 0.48984375 0.33055555555555555
0 0.45546875 0.24583333333333332 0.47578125 0.31527777777777777
4 0.46953125 0.20833333333333334 0.49453125 0.2972222222222222
3 0.65546875 0.33055555555555555 0.6765625 0.3819444444444444
5 0.69453125 0.3638888888888889 0.71640625 0.4263888888888889
3 0.6703125 0.5263888888888889 0.68984375 0.5791666666666667
3 0.5890625 0.4777777777777778 0.60859375 0.5291666666666667
3 0.67265625 0.5777777777777777 0.69375 0.6277777777777778
1 0.66875 0.5972222222222222 0.69375 0.6861111111111111
3 0.63984375 0.6347222222222222 0.659375 0.6875
5 0.60234375 0.6805555555555556 0.62109375 0.7430555555555556
9 0.5953125 0.5319444444444444 0.6140625 0.5847222222222223
9 0.55703125 0.4736111111111111 0.57734375 0.5277777777777778
9 0.56484375 0.6875 0.584375 0.7416666666666667
11 0.55859375 0.6194444444444445 0.57890625 0.6833333333333333
7 0.5203125 0.5041666666666667 0.546875 0.5916666666666667
6 0.5109375 0.4166666666666667 0.53203125 0.4861111111111111
9 0.478125 0.3861111111111111 0.49765625 0.4388888888888889
9 0.47421875 0.3333333333333333 0.49375 0.3861111111111111