5 0.771875 0.19444444444444445 0.028906250000000022 0.09166666666666665
0 0.75078125 0.3388888888888889 0.028906250000000022 0.0986111111111111
2 0.684375 0.4 0.030468750000000044 0.09583333333333333
3 0.709375 0.2708333333333333 0.026562500000000044 0.0763888888888889
3 0.65234375 0.25416666666666665 0.025781249999999978 0.0763888888888889
4 0.7359375 0.38055555555555554 0.03828124999999993 0.12777777777777777
2 0.68203125 0.4708333333333333 0.030468750000000044 0.0986111111111111
3 0.57265625 0.46111111111111114 0.02734375 0.07499999999999996
5 0.72890625 0.5666666666666667 0.029687499999999978 0.09166666666666667
1 0.7109375 0.6152777777777778 0.03749999999999998 0.125
3 0.6671875 0.5680555555555555 0.028124999999999956 0.07638888888888895
3 0.6578125 0.6458333333333334 0.029687499999999978 0.07916666666666661
3 0.5953125 0.7069444444444445 0.026562499999999933 0.07499999999999996
3 0.45 0.8277777777777777 0.02812500000000001 0.07916666666666672
0 0.41875 0.8208333333333333 0.03281249999999997 0.10416666666666674
9 0.6421875 0.8486111111111111 0.029687499999999978 0.07777777777777783
9 0.3734375 0.6527777777777778 0.02812500000000001 0.07638888888888884
9 0.38125 0.5763888888888888 0.028906250000000022 0.07916666666666672
9 0.3921875 0.5097222222222222 0.02734375 0.07361111111111118
7 0.3203125 0.5208333333333334 0.03671875000000002 0.13055555555555554
9 0.4625 0.3680555555555556 0.028906249999999967 0.07638888888888884
9 0.47421875 0.2902777777777778 0.028124999999999956 0.07638888888888884
8 0.44765625 0.48333333333333334 0.03203125000000001 0.10138888888888892
11 0.34609375 0.3972222222222222 0.028906250000000022 0.09027777777777779
11 0.38125 0.10555555555555556 0.028906250000000022 0.08750000000000001
8 0.41953125 0.24861111111111112 0.03046874999999999 0.10138888888888886
6 0.52578125 0.29305555555555557 0.03203125000000007 0.10277777777777775
10 0.47734375 0.17777777777777778 0.03750000000000003 0.12499999999999997
9 0.5515625 0.1625 0.02734375 0.0763888888888889
9 0.59375 0.2388888888888889 0.026562500000000044 0.07777777777777775